Zjn_sc00188.1_10090_23313	Zmw_sc00394.1	88.784	2229	202	35	56	2271	44800	42607	0.0	2687
Zjn_sc00188.1_10090_23313	Zmw_sc00394.1	82.383	193	33	1	7490	7682	4630	4821	1.19e-41	167
Zjn_sc00188.1_10090_23313	Zmw_sc00394.1	82.051	195	27	6	7446	7636	169327	169137	1.99e-39	159
Zjn_sc00188.1_10090_23313	Zmw_sc00394.1	100.000	28	0	0	7611	7638	174925	174952	3.48e-07	52.8
Zjn_sc00188.1_25331_73498	Zmw_sc00394.1	80.843	4317	711	70	753	5014	71011	75266	0.0	3284
Zjn_sc00188.1_25331_73498	Zmw_sc00394.1	80.342	117	21	1	5705	5821	4355	4241	3.48e-17	87.9
Zjn_sc00188.1_74081_103867	Zmw_sc00394.1	79.220	1179	191	45	11020	12178	42827	43971	0.0	771
Zjn_sc00188.1_74081_103867	Zmw_sc00394.1	84.615	377	41	12	29198	29565	186004	185636	4.13e-99	359
Zjn_sc00188.1_114508_119698	Zmw_sc00394.1	84.881	463	59	9	3639	4097	157350	157805	2.47e-129	457
Zjn_sc00188.1_114508_119698	Zmw_sc00394.1	82.227	467	72	10	3639	4097	156881	157344	7.08e-110	392
Zjn_sc00188.1_114508_119698	Zmw_sc00394.1	85.523	373	44	8	3648	4016	157820	158186	1.53e-106	381
Zjn_sc00188.1_114508_119698	Zmw_sc00394.1	83.831	402	49	8	4361	4752	158610	159005	1.19e-102	368
Zjn_sc00188.1_120477_140577	Zmw_sc00394.1	84.081	892	126	8	2	881	160197	161084	0.0	846
Zjn_sc00188.1_120477_140577	Zmw_sc00394.1	82.998	447	67	4	664	1106	160926	161367	2.12e-110	396
Zjn_sc00188.1_140618_164849	Zmw_sc00394.1	77.395	1044	171	53	19384	20399	42966	43972	8.58e-160	560
Zjn_sc00188.1_177350_209685	Zmw_sc00394.1	89.965	1694	145	16	624	2303	44291	42609	0.0	2163
Zjn_sc00188.1_177350_209685	Zmw_sc00394.1	79.524	1724	293	52	19165	20854	184768	183071	0.0	1173
Zjn_sc00188.1_177350_209685	Zmw_sc00394.1	83.706	626	64	22	45	668	44806	44217	1.48e-158	556
